3.027755037659851638e-212 1.192938197748602871e-215 1.000000000000000000e+00
2.054779366361670901e-204 1.000000000000000000e+00 1.672035125486249705e-207
3.012335580789006226e-204 2.299094982409784000e-200 1.000000000000000000e+00
1.000000000000000000e+00 2.669784848554616690e-204 6.944010599039956032e-202
3.514769939017531680e-202 1.000000000000000000e+00 2.905108929749559098e-206
8.237743257468189206e-207 8.325192976086984636e-210 1.000000000000000000e+00
9.767304745804508620e-203 1.000000000000000000e+00 2.637069536917339272e-201
1.000000000000000000e+00 1.867837491763026834e-204 1.678090023388064392e-199
1.955473010859412957e-206 1.000000000000000000e+00 2.346257082238195539e-203
1.000000000000000000e+00 1.965235082891050331e-204 1.770258415391829312e-202
1.000000000000000000e+00 1.194289442521378119e-202 7.088921078554316412e-201
9.597036753857593505e-206 1.162694109558291530e-211 1.000000000000000000e+00
1.575579075339797023e-200 1.000000000000000000e+00 3.270661161952179890e-204
4.200160284992112279e-205 1.000000000000000000e+00 3.431485606333781833e-205
2.624101558086552006e-207 1.501744797247102000e-213 1.000000000000000000e+00
1.000000000000000000e+00 3.000536883429274719e-193 5.642397629093685772e-196
7.464094652898835140e-199 1.000000000000000000e+00 4.879034658241445663e-204
2.133167706613802121e-203 5.601320819239433962e-208 1.000000000000000000e+00
1.000000000000000000e+00 5.105734706980597575e-202 1.855109665087557048e-202
1.000000000000000000e+00 3.637358425848359295e-202 1.497911486030282090e-199
1.000000000000000000e+00 8.566398714550370438e-200 4.696534035877412858e-199
4.393564266095712442e-206 1.000000000000000000e+00 3.555956303375396709e-210
1.000000000000000000e+00 3.587117938002516627e-202 7.139372470823839115e-202
6.033669842232989979e-210 4.608267069956310510e-214 1.000000000000000000e+00
6.172233404899171423e-206 1.000000000000000000e+00 3.843805258292666349e-207
1.000000000000000000e+00 1.024186055660187351e-206 1.604059774599752032e-203
5.098659588958730098e-201 9.773248824521388637e-204 1.000000000000000000e+00
9.893106594589504791e-205 4.189741145749576486e-208 1.000000000000000000e+00
1.201780917732379433e-204 1.000000000000000000e+00 3.979324185679351276e-208
5.890167009529447157e-202 1.381657916067077209e-206 1.000000000000000000e+00
1.912098297827090383e-207 4.475432335859980476e-213 1.000000000000000000e+00
1.943255434001735687e-206 1.000000000000000000e+00 4.172756847274194989e-206
2.684609324347269729e-205 7.109837711960116452e-208 1.000000000000000000e+00
3.051257822730624129e-209 5.055839139957998377e-211 1.000000000000000000e+00
8.765314968965928380e-204 1.000000000000000000e+00 1.775790180418531614e-208
1.000000000000000000e+00 8.711024868327878064e-204 4.383846657881355150e-202
1.000000000000000000e+00 6.087005580659784453e-204 1.013386994486086690e-205
3.626920616098887872e-205 2.447668818289459099e-201 1.000000000000000000e+00
4.750411607858855512e-207 7.517830070486159431e-207 1.000000000000000000e+00
1.151342622664696706e-206 1.000000000000000000e+00 2.347757593407598350e-206
4.727009148002983587e-206 1.000000000000000000e+00 8.141536321071084586e-210
1.401975653208811995e-205 1.000000000000000000e+00 1.227128659614289948e-209
8.238074502407043973e-202 1.000000000000000000e+00 1.919067506910703757e-207
2.571763963039362287e-206 1.313322170233731684e-209 1.000000000000000000e+00
1.608608733899216507e-201 1.000000000000000000e+00 1.021954790925798499e-206
2.660466496501188178e-205 1.921611124228702749e-208 1.000000000000000000e+00
1.396061729272883097e-203 1.000000000000000000e+00 7.809895729404434971e-209
2.459661453632374305e-207 1.441841925065242336e-210 1.000000000000000000e+00
1.000000000000000000e+00 1.170323544529349705e-206 1.086997298048489318e-204
1.000000000000000000e+00 3.937084095551543552e-200 4.404945437136460666e-201
1.000000000000000000e+00 1.151845447177044555e-198 1.300952468488259114e-200
1.000000000000000000e+00 2.922935028085159500e-200 4.313587148900082663e-202
5.488059234993323792e-204 1.000000000000000000e+00 3.752074662588533857e-197
4.504880369852817810e-205 2.809168137797242547e-199 1.000000000000000000e+00
1.000000000000000000e+00 5.525165833359952340e-207 7.331874848384451734e-205
4.996634081053057457e-202 6.271234871057990323e-209 1.000000000000000000e+00
1.000000000000000000e+00 7.420092802746427661e-204 1.135482153241431102e-201
5.756008323666732455e-204 1.000000000000000000e+00 3.684813513952292086e-206
1.807938318224574459e-202 1.129939885958383816e-194 1.000000000000000000e+00
3.059328323423450003e-204 1.000000000000000000e+00 6.549503818500587334e-201
2.344190368880840441e-201 1.000000000000000000e+00 8.388433787159007811e-208
1.000000000000000000e+00 3.572031522726772049e-189 1.935543587839759419e-191
1.682219424695689401e-204 2.937359822891214661e-210 1.000000000000000000e+00
1.717854412469431374e-204 1.000000000000000000e+00 2.892823890383992396e-205
1.000000000000000000e+00 6.719278236453908627e-203 1.601748800327988407e-195
5.583828965324144855e-208 4.763035613778098786e-211 1.000000000000000000e+00
1.152354182805786748e-207 1.602410226498905425e-210 1.000000000000000000e+00
8.647432338488546916e-206 1.000000000000000000e+00 1.005554672806262052e-209
1.000000000000000000e+00 7.188962910642399410e-204 7.237266050180622789e-206
1.000000000000000000e+00 4.334920471921920138e-200 4.511750482532772300e-203
1.000000000000000000e+00 7.085673412115254039e-203 9.021159236497366202e-203
2.456130618055554405e-196 1.000000000000000000e+00 6.487882642066356292e-208
1.000000000000000000e+00 1.120608210926170011e-202 1.497586843527868204e-201
1.000000000000000000e+00 8.697056073740514268e-194 3.837644022991505004e-194
3.842199973930782120e-202 4.637509717559215931e-208 1.000000000000000000e+00
1.209385005443328416e-206 5.059158514060583562e-208 1.000000000000000000e+00
2.476577325113745478e-206 3.591083538577297417e-213 1.000000000000000000e+00
1.000000000000000000e+00 1.913166435481686181e-207 2.318826300967496764e-207
2.032103704116750758e-202 5.264413147533642203e-207 1.000000000000000000e+00
1.000000000000000000e+00 3.659079414354735360e-199 4.687411105342690888e-204
4.538356235192982961e-204 1.000000000000000000e+00 1.657576463156891557e-209
1.000000000000000000e+00 2.325710780447400739e-202 7.365704309681473901e-205
1.000000000000000000e+00 5.240294815607696697e-199 7.710297213212077292e-202
2.699503522674347763e-203 1.162151204422886268e-208 1.000000000000000000e+00
4.285932599569865715e-190 4.051025213692441694e-205 1.000000000000000000e+00
1.000000000000000000e+00 2.162266827114529368e-204 2.552758066218000553e-202
1.000000000000000000e+00 2.856107710627761758e-202 3.615812676664379389e-207
2.044973008762631113e-200 3.720633652389302510e-199 1.000000000000000000e+00
1.000000000000000000e+00 5.105603896053918154e-204 4.193013686934341116e-203
2.124497433988853384e-209 3.249366859643276445e-207 1.000000000000000000e+00
6.484199452461407648e-202 1.000000000000000000e+00 1.063502610455521721e-200
5.360524264819220453e-207 1.474890917833389105e-211 1.000000000000000000e+00
1.671255496580136588e-205 7.995690948746328276e-212 1.000000000000000000e+00
1.000000000000000000e+00 1.382929440014216706e-207 2.543623063858523478e-204
2.266639131679405654e-207 5.778585958715486645e-213 1.000000000000000000e+00
2.014087722813242407e-206 2.642754408910361345e-207 1.000000000000000000e+00
1.307439387644438849e-204 1.040229621782948398e-212 1.000000000000000000e+00
1.000000000000000000e+00 3.220028176449330037e-202 3.252398309610529610e-191
6.207231065703755625e-206 4.788407798358033143e-209 1.000000000000000000e+00
1.000000000000000000e+00 1.446582016654006740e-195 1.887619199453021881e-191
1.746146127821700071e-206 1.000000000000000000e+00 5.428190116479625450e-210
1.218882510752521758e-201 1.000000000000000000e+00 1.320953730312946263e-204
1.000000000000000000e+00 1.058857645649805819e-199 6.953659076050065853e-205
1.000000000000000000e+00 9.056517683309610510e-204 1.383886066941299414e-200
1.299469713157522795e-206 2.020514650529281729e-202 1.000000000000000000e+00
1.000000000000000000e+00 1.197301449569213067e-206 3.178767025295630686e-202
2.541125339951215382e-210 2.147779183519564821e-212 1.000000000000000000e+00
1.313390800138336929e-207 1.000000000000000000e+00 1.152622032456923430e-206
1.000000000000000000e+00 2.835805122376862498e-192 4.447909807014327195e-195
1.111842446713475888e-201 1.000000000000000000e+00 1.380672166930900918e-203
2.985883219238309911e-199 6.580571282547929087e-197 1.000000000000000000e+00
1.144076338040203613e-205 1.000000000000000000e+00 2.275883004435619362e-206
1.147853328853829439e-201 3.719936827786697883e-211 1.000000000000000000e+00
1.000000000000000000e+00 1.218586688395089932e-204 5.124816536640344771e-203
3.822547686811838537e-195 1.940068661789586406e-202 1.000000000000000000e+00
1.000000000000000000e+00 3.673997352972001378e-199 4.893254048967418648e-192
1.000000000000000000e+00 1.325789144300854561e-204 2.354285651857705410e-204
1.737884580221117499e-211 4.771019323242527515e-210 1.000000000000000000e+00
1.000000000000000000e+00 2.076543985100788252e-207 1.509700569626133472e-205
1.821975595336672357e-202 1.000000000000000000e+00 6.695243351777732257e-208
1.000000000000000000e+00 3.778916477326857045e-198 1.641602354981173260e-205
4.491357714071558006e-206 7.608992218915414119e-212 1.000000000000000000e+00
9.856365549521312807e-206 1.717244645004826866e-206 1.000000000000000000e+00
1.357606273238556998e-206 6.717653393968025369e-202 1.000000000000000000e+00
1.167814660537213118e-198 1.045881325908673531e-207 1.000000000000000000e+00
7.567797020099951552e-204 4.386146171662179128e-212 1.000000000000000000e+00
1.000000000000000000e+00 1.129852519316281714e-204 2.134308883372510266e-204
9.845995851135708503e-207 1.000000000000000000e+00 8.273677405994862990e-207
3.177567360721893988e-194 1.000000000000000000e+00 4.910441183564224450e-203
1.456434948680665439e-194 1.000000000000000000e+00 4.648235390086551536e-204
1.000000000000000000e+00 6.620090014703699768e-202 1.191112556196376713e-199
1.254633338035273399e-206 1.000000000000000000e+00 2.110547210333461652e-209
1.000000000000000000e+00 2.138038822371140808e-203 2.283472022680158736e-202
1.500039849422381903e-202 1.158055937880467030e-210 1.000000000000000000e+00
1.000000000000000000e+00 3.450033481721059761e-201 5.243589619611608582e-200
1.866673117468150383e-199 1.000000000000000000e+00 1.864503383168201522e-202
2.474224334784814741e-202 1.000000000000000000e+00 3.478518048257963463e-205
7.254083707854380161e-208 1.542040187019853586e-211 1.000000000000000000e+00
2.027903641402268290e-201 1.000000000000000000e+00 4.216261869581002997e-199
5.010232565360725301e-207 1.000000000000000000e+00 9.161047047446470939e-203
1.000000000000000000e+00 1.170721616510561146e-188 6.377145409529483258e-196
1.000000000000000000e+00 1.611082214336722365e-199 2.042289209466074936e-200
2.965656427705502214e-206 1.000000000000000000e+00 3.269432566203342452e-205
1.000000000000000000e+00 9.908626870565283477e-197 4.319005392432444487e-200
5.037634965470270933e-206 1.000000000000000000e+00 8.641985397910613946e-208
1.000000000000000000e+00 1.931259572112664282e-198 2.197062722247528770e-193
2.880475122715354199e-204 3.060221331794864913e-206 1.000000000000000000e+00
4.106566280943757603e-201 6.793567755168370097e-207 1.000000000000000000e+00
5.022997391549923360e-209 6.920849662961261285e-212 1.000000000000000000e+00
1.036615807432044933e-202 1.000000000000000000e+00 4.838261880448866493e-204
1.000000000000000000e+00 2.421450889876266154e-203 1.241744290331413074e-204
1.468923307025652857e-202 1.401614809669145926e-209 1.000000000000000000e+00
2.639945377602394602e-206 1.000000000000000000e+00 1.853452663669697266e-212
3.934846205384031937e-208 6.624532327629475490e-208 1.000000000000000000e+00
2.464650680888988745e-203 1.000000000000000000e+00 8.213396298945951325e-210
1.000000000000000000e+00 1.163207448375733040e-203 6.835389708762447062e-204
1.000000000000000000e+00 2.196419878020627337e-204 1.131957922256042756e-204
5.003404181127819868e-206 1.000000000000000000e+00 8.670994908447676583e-207
3.479741612934015204e-209 3.711724053375123932e-210 1.000000000000000000e+00
4.796958259107112004e-206 2.333014783779035904e-210 1.000000000000000000e+00
1.000000000000000000e+00 1.159407117556278733e-203 3.470452208487618893e-203
1.000000000000000000e+00 2.859864583617967041e-203 5.236503445195142310e-201
1.000000000000000000e+00 8.131770073156664140e-206 1.819087442396842983e-199
1.000000000000000000e+00 3.243995481942255768e-203 8.451104723408240905e-197
2.717130925800589298e-210 2.873120662867092998e-212 1.000000000000000000e+00
3.110270901084143794e-202 1.000000000000000000e+00 1.042046697416643171e-208
5.458095462075719948e-210 8.303382821153962690e-213 1.000000000000000000e+00
1.000000000000000000e+00 7.827423381566540616e-203 1.675991400823101231e-204
1.000000000000000000e+00 3.111270587018831923e-200 4.222017961446029404e-199
1.108861294153106627e-205 4.303782265501415435e-202 1.000000000000000000e+00
7.573542067207985704e-208 1.000000000000000000e+00 4.543128786790015144e-209
1.000000000000000000e+00 3.886895165112851195e-208 1.723331833199150478e-205
1.820964226411866202e-198 6.120386414074693909e-204 1.000000000000000000e+00
7.523400403532379694e-207 1.063493246441385511e-211 1.000000000000000000e+00
6.571026020155634928e-207 1.000000000000000000e+00 5.091168890177547639e-210
1.000000000000000000e+00 1.829742931949278149e-203 1.032306332617217678e-203
7.097795736809932794e-208 1.356847361787821695e-206 1.000000000000000000e+00
1.392336116960096201e-204 1.000000000000000000e+00 2.836080523545823404e-208
1.000000000000000000e+00 2.630137412888106154e-191 2.953068140710027098e-196
1.000000000000000000e+00 5.194952336173887233e-204 1.167518702756141630e-201
2.491149609221687320e-205 1.000000000000000000e+00 2.907071025055047081e-209
5.098981282110511340e-195 1.000000000000000000e+00 1.945142719507688741e-203
1.000000000000000000e+00 2.129007781824512476e-205 1.846698471257422245e-203
1.201480207681223754e-203 2.982359778428205509e-209 1.000000000000000000e+00
1.000000000000000000e+00 2.967181295393257172e-206 2.986893806006297618e-199
2.375088745273146402e-207 1.061720820772851015e-205 1.000000000000000000e+00
4.084986460796248855e-195 2.952250463353398113e-190 1.000000000000000000e+00
1.000000000000000000e+00 9.780792099856309312e-208 5.819665079894241572e-204
7.678025049470663388e-203 3.972379308812501413e-210 1.000000000000000000e+00
4.375324848186729214e-201 8.311536331976942354e-203 1.000000000000000000e+00
1.509996233712148920e-208 9.854763137761741318e-211 1.000000000000000000e+00
1.000000000000000000e+00 1.936724489480615451e-205 4.046457922926857112e-205
5.106540278103318222e-203 1.000000000000000000e+00 1.744048502072227640e-197
1.000000000000000000e+00 8.107171076423445777e-204 1.139620570998929774e-201
1.000000000000000000e+00 3.727045192024142036e-204 4.149248991354508874e-202
1.000000000000000000e+00 1.453870481884192580e-204 8.680206123221891435e-195
1.000000000000000000e+00 1.560111389057056855e-203 2.839686555986005043e-203
5.530576268339177334e-191 1.000000000000000000e+00 1.390842058036710531e-200
5.664854597620936310e-206 1.000000000000000000e+00 1.705197650517993884e-210
1.000000000000000000e+00 8.382714496077910123e-202 1.876374162549832017e-205
1.307457921987124275e-209 7.230309080949807582e-214 1.000000000000000000e+00
4.554205545665092264e-205 1.000000000000000000e+00 8.779356032425741991e-201
6.757844614014369813e-207 4.481024213375577573e-209 1.000000000000000000e+00
3.557785439035746557e-208 1.728879845734316680e-209 1.000000000000000000e+00
5.947589802253870035e-204 1.493353741681402231e-208 1.000000000000000000e+00
4.413368253486676033e-211 4.291774052278567574e-212 1.000000000000000000e+00
2.843691609824098430e-208 1.765031522165017454e-205 1.000000000000000000e+00
5.424846848609284193e-197 1.000000000000000000e+00 6.759319158973605834e-191
2.619788788138477149e-197 1.974659244134732483e-208 1.000000000000000000e+00
7.133207714035569752e-203 3.410742340803341329e-205 1.000000000000000000e+00
7.361300911150989252e-203 1.000000000000000000e+00 2.031680905235540382e-207
5.931852752968746926e-198 1.000000000000000000e+00 1.346769202098611188e-203
1.000000000000000000e+00 2.391689183106040573e-205 1.094478086976051619e-200
1.000000000000000000e+00 3.413789709242704811e-201 2.769831177290521641e-202
1.000000000000000000e+00 1.033223541074577661e-206 3.341164573228131611e-204
5.839148196495925598e-205 1.000000000000000000e+00 2.420066866977192737e-209
1.000000000000000000e+00 1.274291281915100077e-199 3.033371235942809374e-200
1.000000000000000000e+00 4.955100579286428028e-202 6.579655888070635583e-204
1.091952067990955797e-205 1.000000000000000000e+00 3.471169312908682028e-207
2.751852777459153677e-199 1.000000000000000000e+00 6.156393602044680250e-201
3.697343234797290164e-208 1.239098722450670386e-211 1.000000000000000000e+00
1.428865360354809508e-197 1.000000000000000000e+00 1.888694782075192928e-207
3.824499059017980108e-206 8.489487002078251109e-206 1.000000000000000000e+00
2.434264908609648947e-202 1.384641136813595286e-206 1.000000000000000000e+00
2.448089550719883929e-211 4.739803064843862667e-212 1.000000000000000000e+00
8.823100445467980894e-205 1.000000000000000000e+00 9.382330525274431154e-204
6.367589836375036327e-208 1.000000000000000000e+00 1.499173804165624566e-206
1.000000000000000000e+00 1.230115501430470045e-200 5.477714639883973494e-204
1.000000000000000000e+00 5.123667264818057494e-205 1.455183715476394940e-204
2.854484043445948203e-208 3.553215952476701323e-210 1.000000000000000000e+00
1.000000000000000000e+00 1.365703789101766070e-200 3.995529497407341687e-191
3.772474997956852237e-205 7.060051740163298927e-211 1.000000000000000000e+00
5.822850462314433792e-207 1.000000000000000000e+00 9.577007144688243662e-207
3.485310515756532974e-206 1.000000000000000000e+00 1.632311179395054813e-205
8.306045614260021671e-206 2.870248779314639647e-210 1.000000000000000000e+00
2.423937013850291191e-205 1.000000000000000000e+00 4.583798920218328610e-205
2.527993439530654411e-207 2.480661906173756816e-213 1.000000000000000000e+00
9.477138263056666593e-207 1.128989487802754958e-209 1.000000000000000000e+00
1.689991977441327361e-195 4.506470841611378128e-195 1.000000000000000000e+00
1.000000000000000000e+00 1.088271128735360918e-196 1.880473852463610123e-202
2.379507292534050677e-204 3.643011410402688077e-207 1.000000000000000000e+00
1.000000000000000000e+00 8.624159953598556195e-204 1.081760009952341827e-202
3.911050425844198999e-205 1.000000000000000000e+00 3.404420125134033395e-211
1.357712642882311190e-204 8.659082505955223562e-203 1.000000000000000000e+00
1.000000000000000000e+00 1.266131685472183048e-202 4.030291628523281170e-205
1.737024218407907832e-203 1.000000000000000000e+00 4.488320370082708813e-209
3.785037902919685459e-200 1.000000000000000000e+00 3.025315801431486202e-204
3.344431129535839694e-204 1.000000000000000000e+00 5.095982104144152445e-211
1.000000000000000000e+00 1.821873373135902822e-203 7.747690554176144581e-205
1.918281596895531282e-203 1.886651572186324685e-212 1.000000000000000000e+00
1.000000000000000000e+00 8.008631131216705085e-200 8.135405481093344983e-202
2.959911966349907043e-208 1.000000000000000000e+00 1.415760685878356706e-207
1.000000000000000000e+00 1.406320378414219510e-204 4.877973968271863535e-194
1.000000000000000000e+00 3.250941330405148114e-203 2.611154523216506588e-200
1.322881269065782478e-204 1.000000000000000000e+00 2.525321287528273755e-206
1.000000000000000000e+00 9.366475580572332279e-206 1.563227746472885853e-202
1.672382263804314249e-204 6.617190202590496578e-210 1.000000000000000000e+00
1.465182523047317502e-206 1.000000000000000000e+00 2.389184897317933956e-209
1.000000000000000000e+00 9.169526060354134039e-194 1.531113511622152149e-198
4.787955214288626523e-204 3.042555078128453863e-210 1.000000000000000000e+00
4.302258364593078031e-205 1.000000000000000000e+00 1.273078184407497280e-207
1.026362280752509528e-205 1.086388335528973355e-201 1.000000000000000000e+00
1.067035854073220949e-201 1.000000000000000000e+00 1.099917170038512389e-209
1.000000000000000000e+00 4.962556255928484986e-198 3.465035011177759050e-204
1.000000000000000000e+00 3.184496451621813006e-199 2.217738098417803371e-202
5.226548444374341489e-205 3.909239572901801972e-209 1.000000000000000000e+00
1.000000000000000000e+00 9.310325195735092319e-198 8.969953490860050130e-205
3.038799448223490353e-204 1.782444722139640587e-213 1.000000000000000000e+00
5.329755792065622536e-205 1.646985955161355732e-205 1.000000000000000000e+00
3.773812105147744453e-205 1.000000000000000000e+00 3.136382503394818155e-209
1.000000000000000000e+00 3.721227515861189509e-204 1.145378303795726510e-204
5.923228427915609470e-204 1.000000000000000000e+00 2.700102232727832589e-208
2.028542283623529892e-194 1.000000000000000000e+00 4.851891821384609572e-205
5.031518317911299875e-207 1.000000000000000000e+00 1.294887625347849691e-211
1.534526818981477716e-209 2.888167586815450832e-212 1.000000000000000000e+00
5.863679751118473718e-200 1.000000000000000000e+00 4.841877072877471492e-199
2.180512796422788772e-210 6.176541095267074991e-209 1.000000000000000000e+00
1.000000000000000000e+00 3.853536128386628760e-200 2.983411422151937791e-199
3.260755191846578616e-206 3.392141564606103475e-209 1.000000000000000000e+00
1.279236055983850177e-202 1.000000000000000000e+00 2.260145543447939053e-199
1.000000000000000000e+00 2.265049937983799177e-205 2.369629252214044633e-207
2.528552231798778597e-208 1.000000000000000000e+00 2.467423923878585060e-209
2.822083472126228968e-206 1.000000000000000000e+00 1.987195663185738491e-207
1.000000000000000000e+00 3.173306282297985373e-200 1.541806212042236998e-201
5.092980897532455511e-199 1.000000000000000000e+00 2.666216423328734237e-200
1.810392397734535385e-200 1.000000000000000000e+00 3.910701188363275666e-198
4.945959773196429103e-206 1.000000000000000000e+00 6.355997776073859213e-211
4.220540342868145747e-210 1.920986540110347738e-210 1.000000000000000000e+00
2.845380771068766215e-201 1.000000000000000000e+00 5.181185723587292416e-204
1.858902785551491814e-201 1.126236296476244388e-199 1.000000000000000000e+00
1.000000000000000000e+00 4.715162298215170351e-204 6.256630797478338624e-202
3.149637209743626848e-204 5.229397988677232785e-209 1.000000000000000000e+00
8.859338267412928277e-206 3.205160160053616333e-210 1.000000000000000000e+00
2.376036793925130027e-209 2.947080383177233465e-215 1.000000000000000000e+00
1.137209920953804130e-204 1.000000000000000000e+00 3.906304179094489392e-206
4.464571627284398945e-204 1.000000000000000000e+00 3.655439886118249301e-209
1.145839445694217241e-200 1.000000000000000000e+00 1.022867029136616694e-202
3.637717164186619454e-204 9.362948735103427285e-207 1.000000000000000000e+00
1.764763108254194786e-203 1.000000000000000000e+00 1.401455780389099221e-205
7.408688456096398851e-213 1.261603931360483522e-205 1.000000000000000000e+00
1.000000000000000000e+00 8.357886254143514923e-197 1.065812167495036136e-191
6.671134207318959796e-209 1.000000000000000000e+00 3.287786429832357171e-201
1.000000000000000000e+00 6.913679159499347070e-194 1.941278786113508264e-197
1.187948122687889475e-204 1.000000000000000000e+00 5.620380276311916284e-204
1.000000000000000000e+00 3.069650362675913438e-206 3.793215994363565473e-202
1.000000000000000000e+00 1.502678038439099415e-202 3.209911676430681154e-194
3.377908925144265814e-210 9.570084977469557375e-211 1.000000000000000000e+00
1.000000000000000000e+00 5.320133048908535596e-205 1.221139257223074381e-201
2.347632370732795566e-207 1.000000000000000000e+00 8.092585027314530889e-203
1.193245074401108354e-211 1.000000000000000000e+00 1.168106557613670773e-206
1.000000000000000000e+00 1.734724857362413911e-200 8.014695574965080807e-203
1.250279275277377073e-211 5.089140291137987632e-201 1.000000000000000000e+00
1.000000000000000000e+00 3.885802365265130139e-196 4.566921265511305211e-200
3.940474060184358718e-205 5.253699471843631139e-210 1.000000000000000000e+00
8.242757065646105855e-205 1.035134482232542784e-208 1.000000000000000000e+00
1.000000000000000000e+00 5.459268016732606240e-197 2.905219533851676847e-201
6.419727932210606745e-210 1.371127737846636862e-210 1.000000000000000000e+00
2.034648309233923820e-201 1.000000000000000000e+00 8.336689310457638596e-204
1.488796983557220126e-212 4.971002059730248623e-208 1.000000000000000000e+00
1.000000000000000000e+00 1.632920574315122092e-203 3.922423347514139072e-206
1.000000000000000000e+00 1.121311631889035087e-196 1.839246883675005837e-198
9.464679041919415161e-213 2.483247350694170843e-211 1.000000000000000000e+00
1.807425605030906069e-211 5.563978812190066720e-208 1.000000000000000000e+00
9.634889875347152355e-207 3.829987943848316404e-211 1.000000000000000000e+00
1.000000000000000000e+00 2.885498333628228553e-200 5.043512585053208593e-193
4.222787664386222075e-211 1.000000000000000000e+00 8.772049168719144587e-204
1.737320638015153237e-211 1.000000000000000000e+00 2.236655126691129019e-205
1.000000000000000000e+00 1.340661433033841090e-201 1.543697638241467197e-198
1.000000000000000000e+00 5.974889264017489213e-207 1.172925248996311503e-202
1.015714388545864467e-211 1.420639973592114801e-212 1.000000000000000000e+00
1.000000000000000000e+00 2.792466698170764262e-202 2.412849822929794681e-199
2.276776247904690882e-212 1.000000000000000000e+00 2.148756302408403457e-209
1.842554380372715477e-204 1.000000000000000000e+00 3.795619461043018638e-194
1.000000000000000000e+00 3.779808710846894269e-202 3.967797315724397106e-198
4.426720216646543364e-208 3.075814002706245314e-208 1.000000000000000000e+00
7.394788612918288670e-206 1.000000000000000000e+00 1.835597100268083605e-205
3.455185416289981965e-209 1.271476370195220596e-208 1.000000000000000000e+00
1.355629729808095198e-210 3.387671867682007390e-208 1.000000000000000000e+00
1.000000000000000000e+00 2.247568278910087745e-204 3.783760554545562402e-204
5.943688000321212086e-209 1.000000000000000000e+00 5.169845300671663543e-202
4.440984693603737842e-213 7.081627043430194309e-211 1.000000000000000000e+00
2.108757683275528595e-204 5.616556016517071469e-201 1.000000000000000000e+00
1.331212461853979489e-210 4.308250344206006861e-213 1.000000000000000000e+00
7.467737858855730875e-210 1.412727191368284487e-206 1.000000000000000000e+00
1.714389742071810707e-216 6.717855931594499505e-211 1.000000000000000000e+00
7.456750789232072643e-207 1.000000000000000000e+00 2.121894080410508185e-203
2.941557399654579803e-202 3.631195555846866212e-207 1.000000000000000000e+00
1.525625162614250009e-207 7.554639487343218943e-205 1.000000000000000000e+00
6.098519360957386741e-207 1.000000000000000000e+00 1.124770561326458191e-208
1.118484777175627208e-212 3.919465895337189645e-205 1.000000000000000000e+00
9.353080506732181036e-199 1.000000000000000000e+00 1.566252331515550460e-195
2.881648171339466756e-208 1.000000000000000000e+00 5.638475062787896923e-204
8.300285321404071411e-211 1.000000000000000000e+00 1.906303035770765477e-202
1.000000000000000000e+00 1.587163133566590156e-205 3.531331134177792902e-196
7.682557821145472829e-207 1.000000000000000000e+00 4.503086249068090454e-207
1.154942498525658667e-210 3.498155288037702677e-213 1.000000000000000000e+00
4.585835554803345670e-211 1.549547321715203670e-210 1.000000000000000000e+00
1.000000000000000000e+00 3.669597021420741003e-203 1.156314605908516838e-198
3.161136107632714383e-207 1.000000000000000000e+00 2.384699442125109611e-206
4.509312544836600877e-200 1.649543015891494132e-207 1.000000000000000000e+00
9.358391165255431657e-206 2.642975468762391765e-203 1.000000000000000000e+00
6.863679739392598697e-209 1.000000000000000000e+00 4.290627012545528246e-204
1.000000000000000000e+00 8.466528574090648981e-200 2.190195084399980859e-202
6.460027681931536054e-209 1.000000000000000000e+00 1.596577912362754839e-198
7.053958455981151272e-213 3.197624311750493992e-210 1.000000000000000000e+00
4.397930943552546332e-213 9.136241867304344713e-215 1.000000000000000000e+00
2.339700573899501403e-208 1.555414723455239405e-212 1.000000000000000000e+00
6.171911635658977527e-211 4.709802859866519123e-206 1.000000000000000000e+00
1.003460633812912102e-213 5.013982057549143149e-209 1.000000000000000000e+00
5.539149021268303287e-203 1.000000000000000000e+00 3.176325270325059979e-185
4.449032198669831461e-208 1.000000000000000000e+00 7.916377832432993133e-206
4.137527479452944087e-214 2.941861192559226098e-207 1.000000000000000000e+00
7.161026175839980771e-213 3.221767520117567848e-207 1.000000000000000000e+00
3.566758864877688923e-213 3.775272912888165816e-212 1.000000000000000000e+00
5.967536746704521434e-207 6.579690491695637194e-211 1.000000000000000000e+00
2.270719655391335009e-208 1.000000000000000000e+00 1.282559083908845084e-204
1.000000000000000000e+00 2.925034806332622005e-197 2.446027061872126871e-192
1.858133852069916354e-214 2.710102887650458220e-211 1.000000000000000000e+00
5.274814176365857285e-214 2.623107756782912949e-209 1.000000000000000000e+00
1.000000000000000000e+00 3.199735969440268369e-202 9.942566247876559532e-202
2.380320954840313530e-208 8.198184322505108988e-210 1.000000000000000000e+00
1.259494056578459826e-203 1.000000000000000000e+00 3.306521997797189495e-202
6.355891536891755190e-207 1.000000000000000000e+00 1.179488433615724917e-202
3.191680868835074557e-210 1.886054395124728234e-206 1.000000000000000000e+00
1.000000000000000000e+00 6.975482423621839924e-199 1.306770834483879060e-200
1.000000000000000000e+00 6.321819512264375858e-203 1.584843529570677376e-200
2.602743749505021621e-206 1.000000000000000000e+00 1.623357734585826947e-204
2.982530397697403260e-202 2.161890035571343397e-198 1.000000000000000000e+00
1.443449420719928717e-213 1.121172399912172138e-210 1.000000000000000000e+00
3.500709866057977882e-208 1.000000000000000000e+00 3.037379302729410643e-202
8.646856616656033023e-212 2.082754231331609803e-205 1.000000000000000000e+00
4.249353070179450921e-208 3.611927157099356508e-208 1.000000000000000000e+00
3.283682401104277500e-208 7.394581098996181208e-209 1.000000000000000000e+00
3.779068581363436983e-213 5.816680983935630085e-211 1.000000000000000000e+00
6.128573212225486656e-211 1.000000000000000000e+00 1.640226548520566017e-209
6.311051279281567408e-208 1.000000000000000000e+00 1.369524337354083185e-203
1.000000000000000000e+00 7.380999840922152196e-206 4.964707685191853414e-202
3.392037584273717899e-213 1.000000000000000000e+00 1.063402330785626093e-206
1.225516418182935281e-203 2.469506854500636707e-208 1.000000000000000000e+00
1.000000000000000000e+00 2.290414399621132320e-201 8.192632680750360263e-200
1.000000000000000000e+00 2.636539069814496186e-203 1.863002220772744477e-202
1.000000000000000000e+00 9.038452226886700816e-204 2.098105890932973750e-201
1.000000000000000000e+00 4.239098062578227468e-194 3.583739599074420227e-191
1.538910274415981089e-200 2.445384437065199418e-200 1.000000000000000000e+00
1.000000000000000000e+00 2.397490277532833953e-190 6.002753860708790804e-196
1.622973434473468774e-207 1.000000000000000000e+00 1.436945710415164689e-200
1.136797975364843537e-211 8.236910582223521934e-214 1.000000000000000000e+00
3.926771287769906710e-206 1.052695281516000951e-209 1.000000000000000000e+00
1.000000000000000000e+00 2.584679944144707106e-203 2.442765263269245800e-198
1.205262849366354790e-198 1.000000000000000000e+00 7.732435709103430940e-197
1.499975393863267058e-208 4.640266714766015057e-210 1.000000000000000000e+00
1.000000000000000000e+00 6.360266842863610144e-205 8.033410156015685874e-198
1.000000000000000000e+00 2.366966022691919425e-200 7.402450723319335831e-203
1.000000000000000000e+00 6.578015923716286159e-200 4.028849517067441534e-202
1.000000000000000000e+00 1.142021433301737499e-199 1.280533746150434685e-198
1.000000000000000000e+00 6.301281620083156439e-203 6.578221431077162336e-201
1.916101065748307066e-210 1.000000000000000000e+00 1.976700245812949235e-207
5.376529588573548178e-210 1.000000000000000000e+00 3.245976803172654359e-202
1.000000000000000000e+00 2.283504122034905112e-193 2.144102295288787369e-196
1.652553468856169646e-211 5.669926112410504476e-209 1.000000000000000000e+00
1.000000000000000000e+00 6.272217651596257178e-201 3.560289401460520671e-196
1.577590569722920962e-210 1.000000000000000000e+00 1.360707125868507419e-208
7.616552743995672158e-208 1.000000000000000000e+00 1.401932300011186055e-198
1.000000000000000000e+00 4.663998435592238321e-206 4.165899273073788406e-200
4.419187281793605124e-211 4.787529798700396114e-210 1.000000000000000000e+00
5.409435314378676138e-206 1.000000000000000000e+00 1.299295796904417410e-198
5.759213395454146192e-210 1.234214687449335540e-213 1.000000000000000000e+00
1.000000000000000000e+00 2.821064562256603486e-199 3.445517018239589552e-190
2.761999313833862366e-212 2.672762324182575339e-207 1.000000000000000000e+00
4.418234164405816039e-208 1.000000000000000000e+00 5.391973965095770144e-206
2.912346255586794650e-210 1.000000000000000000e+00 3.190315259616151199e-207
4.427884762004702318e-208 1.000000000000000000e+00 6.546584698073926507e-205
1.456873480366132102e-207 2.247970828929682052e-210 1.000000000000000000e+00
3.179241867694183087e-207 8.124728106946809449e-207 1.000000000000000000e+00
2.572295769546621497e-209 3.232331903602120567e-209 1.000000000000000000e+00
1.000000000000000000e+00 3.878279253661677679e-203 3.722303649047367362e-199
4.928888342273758453e-209 9.770171690298185076e-206 1.000000000000000000e+00
2.944190036511331780e-208 1.000000000000000000e+00 8.784323708793262540e-206
1.746765857804295263e-203 1.000000000000000000e+00 1.232536921874831559e-201
3.375553743317196911e-210 1.000000000000000000e+00 2.025912415817721469e-206
3.758382694740166147e-207 1.000000000000000000e+00 1.824223347015854510e-193
1.266790752278334746e-204 2.091600152209594098e-209 1.000000000000000000e+00
1.000000000000000000e+00 4.843209907402924507e-197 1.346527235317986763e-197
1.000000000000000000e+00 5.082812856923012773e-204 1.387102827415523952e-203
1.045036532511573688e-209 1.000000000000000000e+00 8.893053761120925920e-203
4.442337022121885970e-206 1.000000000000000000e+00 5.941341444828801386e-204
2.615181530287390965e-209 1.000000000000000000e+00 4.821327354041561675e-201
1.000000000000000000e+00 3.015531235372920498e-199 1.563166558153648430e-200
1.000000000000000000e+00 1.966527834304135752e-205 1.704373851357938573e-201
8.578312576118203318e-207 9.690279154195579607e-202 1.000000000000000000e+00
3.224688860980562013e-207 1.000000000000000000e+00 5.707962915101509138e-204
1.070441533419425283e-211 1.000000000000000000e+00 1.565091609971476613e-203
9.647910169417613208e-209 1.445132156185603009e-210 1.000000000000000000e+00
1.413572538566229469e-212 1.975968835635154193e-210 1.000000000000000000e+00
1.000000000000000000e+00 5.295713329338825380e-201 8.460214519447576771e-203
1.000000000000000000e+00 2.963285952720712377e-198 4.556040502199635629e-202
6.125963959236223108e-213 1.113080429197763214e-210 1.000000000000000000e+00
1.801087508124754746e-212 1.000000000000000000e+00 9.896745957410352007e-206
1.197810233715998281e-202 1.282979720387866270e-209 1.000000000000000000e+00
3.129026518924835750e-209 1.000000000000000000e+00 3.278607790290002737e-204
5.671915649935721713e-209 1.000000000000000000e+00 1.076487210407838574e-194
6.994084692362122480e-209 1.000000000000000000e+00 1.307634494005987708e-205
2.684850337711280071e-200 1.000000000000000000e+00 1.263198199473501201e-199
1.082801553621990386e-207 1.000000000000000000e+00 1.206910581281334777e-205
1.000000000000000000e+00 1.647591433381535687e-204 8.567826119435312661e-202
1.000000000000000000e+00 1.281850403107641118e-198 7.481923846734505351e-199
1.170224218349294887e-209 1.000000000000000000e+00 1.900214421409079628e-203
1.788577226265721531e-210 1.000000000000000000e+00 5.633913825140487532e-201
1.000000000000000000e+00 2.473420640715869933e-197 2.239272590052529716e-194
3.700783414477533442e-210 4.116879704853705755e-207 1.000000000000000000e+00
1.000000000000000000e+00 8.619383731732055989e-204 1.279577978742725798e-198
1.000000000000000000e+00 1.270315345799223625e-199 6.914347051874811486e-197
1.000000000000000000e+00 1.113817746024933831e-200 1.939179129071879618e-196
1.000000000000000000e+00 9.079726933554361960e-201 1.887978255385639689e-197
1.000000000000000000e+00 5.689180977257558756e-204 1.237589653895965772e-200
5.987954556267734234e-213 6.663552484207678254e-212 1.000000000000000000e+00
3.296625109418023057e-207 1.000000000000000000e+00 7.650954221730879859e-208
1.000000000000000000e+00 2.217495463256717785e-205 1.290787367100624862e-203
3.153270465579857369e-210 1.542042196189366826e-212 1.000000000000000000e+00
1.000000000000000000e+00 1.099419251714207586e-202 1.129119242810109886e-198
5.707474286799356212e-202 1.000000000000000000e+00 4.572368444267537301e-202
3.368171057560036183e-208 7.292608048903019261e-203 1.000000000000000000e+00
1.079303771395862090e-205 1.000000000000000000e+00 9.092101285710521543e-204
2.052861278984535495e-211 6.544305858999555168e-206 1.000000000000000000e+00
4.997847593673320430e-205 3.486684236934703854e-203 1.000000000000000000e+00
1.448031470624941016e-212 3.541493908603511450e-211 1.000000000000000000e+00
1.000000000000000000e+00 2.128220081181229931e-201 1.601837006149975413e-197
1.000000000000000000e+00 2.019607032624476130e-204 4.130727608110510378e-194
1.301867567669275675e-212 1.000000000000000000e+00 1.035440280963905114e-207
7.367860652082880585e-206 1.000000000000000000e+00 9.315179258663139411e-194
1.837582487145166381e-208 1.000000000000000000e+00 5.832286329142448647e-206
5.833169980763740436e-212 1.800670500861857003e-206 1.000000000000000000e+00
3.484017258537341421e-209 4.960321906833710548e-206 1.000000000000000000e+00
1.000000000000000000e+00 2.201809674273081218e-204 3.611457177962431741e-203
4.621089896474604941e-211 3.350688520384940676e-210 1.000000000000000000e+00
4.728735425839038071e-209 5.926254463477671638e-210 1.000000000000000000e+00
1.105158352485386160e-212 8.340814027131710088e-212 1.000000000000000000e+00
2.170872647179152614e-212 4.100462903295128801e-205 1.000000000000000000e+00
3.774100285268666442e-210 1.000000000000000000e+00 5.721178158653986201e-204
5.556009199310162452e-211 5.443281913836234269e-212 1.000000000000000000e+00
1.929608121569450434e-199 4.286260748943683210e-206 1.000000000000000000e+00
9.005000279661460467e-211 7.568503048694174944e-206 1.000000000000000000e+00
2.686422376124306582e-206 1.000000000000000000e+00 2.872785863121733121e-204
3.343486163207970685e-212 1.000000000000000000e+00 5.274011231419886592e-209
6.534816185887609369e-214 2.338429661881368927e-211 1.000000000000000000e+00
4.129668387646545697e-213 1.000000000000000000e+00 8.868943733474928789e-206
4.048516800694515920e-201 1.000000000000000000e+00 5.477321475767501222e-202
2.170166634190660224e-209 1.000000000000000000e+00 2.926112644270749666e-207
3.097140444753359612e-209 1.000000000000000000e+00 5.689623786064042565e-199
1.000000000000000000e+00 3.099208085573704593e-203 7.098001833330706968e-203
1.123676712499313149e-210 3.901131912540420560e-212 1.000000000000000000e+00
6.268931006789055922e-201 4.144711960823660108e-208 1.000000000000000000e+00
2.645607213795539416e-207 1.000000000000000000e+00 2.376392425720145291e-203
1.000000000000000000e+00 2.693643980727735908e-205 2.406584717844753724e-203
2.856537319009268877e-205 1.797599607142061225e-210 1.000000000000000000e+00
1.000000000000000000e+00 8.132540198977810468e-200 9.008160592550089490e-202
2.637090506489159047e-216 8.756554874750891571e-210 1.000000000000000000e+00
1.000000000000000000e+00 1.228996776472053436e-202 1.123305207862514362e-200
2.066724606842080473e-207 1.000000000000000000e+00 6.271496566156434472e-201
2.661960415654616240e-211 3.037981708138759842e-208 1.000000000000000000e+00
1.144386560727336281e-205 1.027146149898994630e-204 1.000000000000000000e+00
1.001141484220638399e-212 3.476333507392043238e-212 1.000000000000000000e+00
9.813686915572569991e-205 1.000000000000000000e+00 4.631332501784275986e-204
5.588609047031447543e-209 1.000000000000000000e+00 7.715262801830954474e-205
1.000000000000000000e+00 4.849482736395080337e-205 3.211113520725174495e-197
2.908693102599654046e-211 1.701345093947822537e-206 1.000000000000000000e+00
1.770611353091059856e-211 1.000000000000000000e+00 3.704494157076128436e-206
1.803168199554594826e-200 1.134989359293696864e-207 1.000000000000000000e+00
4.892484800009238740e-209 1.000000000000000000e+00 3.457496726589639159e-203
1.843906249493857507e-209 1.774884691633153490e-208 1.000000000000000000e+00
1.000000000000000000e+00 8.122974527033473751e-199 2.689852870220484234e-201
5.492838750614352521e-212 1.178575578747468671e-208 1.000000000000000000e+00
1.000000000000000000e+00 6.237688618274621456e-201 1.342284421293738111e-192
1.000000000000000000e+00 1.408777395666255962e-195 5.493336972099867123e-199
3.462248070571304618e-211 3.507613125265548159e-212 1.000000000000000000e+00
1.672785490485053002e-211 2.235418103585887624e-210 1.000000000000000000e+00
7.702004171242129169e-212 5.006824175357212466e-206 1.000000000000000000e+00
2.446005203950703969e-213 2.923016049699502190e-212 1.000000000000000000e+00
1.000000000000000000e+00 3.055687884463476287e-203 2.728780198804264550e-195
1.000000000000000000e+00 7.331701379441682541e-200 3.318682501057171349e-189
1.000000000000000000e+00 3.139561456682528920e-202 5.494012874979361943e-198
2.294100618208749519e-211 6.258512414852698584e-207 1.000000000000000000e+00
1.000000000000000000e+00 5.041650445039183933e-207 8.143346341497020758e-203
2.437603983196492993e-207 1.000000000000000000e+00 3.118751795774635265e-205
2.330192668561649838e-209 1.000000000000000000e+00 2.674228674640764770e-194
7.309140804380805993e-209 1.000000000000000000e+00 2.179678710514632829e-200
5.655128550296829417e-209 1.000000000000000000e+00 3.734205479134174850e-207
9.002174834497914861e-207 1.000000000000000000e+00 3.044573998432532824e-201
8.703612833756639706e-205 1.000000000000000000e+00 3.814628496156163113e-207
3.654592083925313737e-213 7.167322144767653066e-206 1.000000000000000000e+00
8.997861462804034683e-211 5.111567834486173034e-209 1.000000000000000000e+00
2.890967509697296435e-214 6.359581200185654794e-210 1.000000000000000000e+00
3.249202086939080283e-209 9.544061551633477662e-206 1.000000000000000000e+00
9.774157464023464174e-207 1.000000000000000000e+00 1.052501428807335235e-199
1.567816998522524944e-206 2.169262689854822585e-209 1.000000000000000000e+00
4.634791750137206257e-212 1.000000000000000000e+00 5.680875180627211793e-209
3.283173126623426748e-203 1.000000000000000000e+00 9.386712884498785617e-202
2.397253627318748527e-209 4.957959198207222818e-209 1.000000000000000000e+00
2.535079186458968118e-210 4.172286855622411849e-210 1.000000000000000000e+00
6.011070062483911975e-212 1.000000000000000000e+00 7.499283145931705277e-207
5.708067649301380981e-209 3.348110607894837626e-213 1.000000000000000000e+00
1.000000000000000000e+00 9.916881191519025984e-201 1.311496447385959004e-197
1.000000000000000000e+00 9.756864479222819358e-205 7.365470863386219517e-202
2.595147352796148382e-211 1.326631706337369166e-212 1.000000000000000000e+00
9.212819155216239091e-209 2.099742522515990095e-198 1.000000000000000000e+00
3.318097750992718864e-210 2.131830231002402422e-208 1.000000000000000000e+00
3.915836647083827571e-208 6.992758211177742860e-208 1.000000000000000000e+00
1.000000000000000000e+00 6.352540749636347260e-198 2.025714683677486023e-194
8.159839901387926597e-209 1.000000000000000000e+00 1.308531047094723254e-203
1.000000000000000000e+00 3.835421719930743157e-201 3.419801004187035020e-196
1.873837873512058839e-213 5.503501781185306815e-212 1.000000000000000000e+00
5.764250673480803186e-211 2.769536448150044813e-203 1.000000000000000000e+00
1.123027374375169550e-213 4.374008178997964075e-216 1.000000000000000000e+00
6.148165712105043389e-207 1.000000000000000000e+00 3.394884256378071191e-205
1.000000000000000000e+00 4.672567309011869934e-196 1.014112002005040457e-199
1.070682430553394185e-205 9.231150129323237781e-206 1.000000000000000000e+00
3.621848578549290710e-208 1.000000000000000000e+00 6.739169440358622969e-201
1.517793607224820456e-208 1.000000000000000000e+00 9.074075074435197343e-205
1.178679504081124640e-209 1.000000000000000000e+00 2.123421821915933660e-207
1.000000000000000000e+00 4.731774099105280586e-200 4.084776004980407943e-192
7.622158231491453044e-211 3.057309567251727954e-209 1.000000000000000000e+00
6.679419409810738786e-214 9.335897363624046905e-209 1.000000000000000000e+00
1.479988011987699558e-206 1.000000000000000000e+00 1.705996749794265281e-199
1.000000000000000000e+00 8.671086485598987632e-198 1.341395786907030159e-200
7.089284617197774701e-208 1.000000000000000000e+00 7.544464481547858575e-207
1.000000000000000000e+00 1.159443486536503215e-202 5.485962941438883448e-193
3.485771319048292617e-210 1.000000000000000000e+00 1.223610952168907601e-205
1.054955239611518039e-203 1.000000000000000000e+00 1.668638442764694079e-199
1.411619463119658809e-213 6.438233772946468952e-210 1.000000000000000000e+00
1.000000000000000000e+00 2.430085349345476079e-196 5.306679528976013347e-201
1.001692787217758368e-210 1.215081926517943192e-201 1.000000000000000000e+00
1.521195942336871646e-205 1.000000000000000000e+00 2.852742870037198529e-202
1.719958701259152839e-202 8.649987825925124516e-201 1.000000000000000000e+00
1.000000000000000000e+00 4.386209580390875039e-201 2.697182484494552996e-201
3.012279343612763781e-204 1.000000000000000000e+00 1.581366446535530390e-201
1.339087103215772551e-208 1.000000000000000000e+00 3.498493047195997521e-206
1.835268043105728892e-204 1.000000000000000000e+00 1.162996159014558152e-194
4.151683499931765246e-204 1.387942693708478736e-209 1.000000000000000000e+00
1.777295507834861698e-207 1.109765043016140375e-206 1.000000000000000000e+00
1.670222391824367722e-196 1.000000000000000000e+00 1.108338097776260989e-200
4.164793786168491231e-207 3.522533765769326255e-203 1.000000000000000000e+00
2.053218178809448041e-209 1.000000000000000000e+00 8.402378600182016968e-202
1.000000000000000000e+00 3.229223955946653679e-204 1.941325227232877006e-206
1.835113646862710140e-206 6.219767058828781064e-208 1.000000000000000000e+00
1.785727037910893398e-205 1.000000000000000000e+00 3.350192841324589891e-205
2.860163024303043613e-209 1.000000000000000000e+00 3.976154993196720086e-212
1.000000000000000000e+00 1.462464719633726876e-201 2.937029405739290683e-206
1.951251658298033741e-205 3.191141060932747591e-201 1.000000000000000000e+00
7.694105105973784865e-206 1.000000000000000000e+00 1.941207382026084385e-206
3.418995214969812613e-202 1.000000000000000000e+00 6.405252954093411164e-195
1.557546704482004713e-199 1.000000000000000000e+00 1.261960082955362853e-202
1.000000000000000000e+00 1.374710055177816754e-203 5.409314109258787028e-205
1.688607191122628570e-207 1.000000000000000000e+00 2.095103615197975697e-212
6.259461348900513365e-195 1.000000000000000000e+00 5.584764574368630212e-199
9.540584409857589035e-211 1.000000000000000000e+00 1.775207667670181165e-210
1.000000000000000000e+00 9.593749668427404927e-203 1.331305882107895238e-207
6.670192619009643254e-212 1.834808847487389049e-207 1.000000000000000000e+00
8.372438822185061419e-209 1.653115316794812744e-207 1.000000000000000000e+00
1.651427430584220292e-203 2.100053645716157682e-206 1.000000000000000000e+00
6.287313289416151443e-208 1.677065388996146693e-207 1.000000000000000000e+00
1.000000000000000000e+00 1.999348878869177625e-199 7.727454402019387748e-203
4.330843412770339280e-207 1.365286530179104388e-200 1.000000000000000000e+00
1.660002046829502620e-207 1.000000000000000000e+00 8.614466357121945340e-208
1.634115938577292048e-208 1.182255227166871373e-208 1.000000000000000000e+00
5.580419585423091448e-206 1.000000000000000000e+00 6.191380601308809440e-205
7.415300876234786575e-203 8.619859686040881354e-197 1.000000000000000000e+00
1.000000000000000000e+00 2.339055178368079743e-200 1.911804275804040504e-188
1.000000000000000000e+00 4.884626552390546851e-198 1.318883668520406907e-200
1.000000000000000000e+00 8.416030456437981237e-205 5.022139800279283402e-200
1.295199525882180226e-206 1.000000000000000000e+00 2.960574916152129707e-212
1.000000000000000000e+00 7.858556714219540514e-198 6.675360982053287909e-204
6.048813740991394661e-201 1.000000000000000000e+00 3.325845872416915224e-208
1.000000000000000000e+00 1.654737413439586891e-202 7.782469909448352259e-207
1.281948400720088115e-205 9.831104002174044542e-204 1.000000000000000000e+00
1.000000000000000000e+00 1.279296883089369324e-187 1.218004849189926493e-200
3.631163084186494863e-208 3.495729324084645988e-211 1.000000000000000000e+00
1.370100527416093541e-204 1.000000000000000000e+00 4.902173925066785165e-207
1.175777870603272548e-206 1.000000000000000000e+00 1.896363573817179398e-211
1.000000000000000000e+00 3.451914542661123160e-199 4.703519770788160857e-202
1.000000000000000000e+00 4.538273265912717342e-199 1.545362658182307465e-201
2.073980409178697683e-198 1.000000000000000000e+00 2.847745535573104443e-200
1.000000000000000000e+00 1.442958397443875822e-195 1.600421857103784751e-195
2.986284068897986344e-207 1.000000000000000000e+00 1.174989027169414659e-207
1.000000000000000000e+00 9.581401033549478667e-198 1.393551665771098971e-204
1.000000000000000000e+00 2.124498757309862489e-199 1.743879159747254035e-202
1.541919229313021017e-206 1.091512543907073606e-204 1.000000000000000000e+00
2.992823248283476576e-200 1.000000000000000000e+00 2.207030284773075044e-205
4.225202948481232164e-207 1.000000000000000000e+00 1.587250911318155285e-208
1.225927270474137566e-206 1.566772636360506197e-201 1.000000000000000000e+00
8.359505080838442641e-206 1.000000000000000000e+00 1.013608144429095821e-206
3.234027331475351731e-208 1.000000000000000000e+00 2.292753199671066419e-207
4.314030931847490469e-204 1.000000000000000000e+00 4.081611940836099157e-207
1.547299561355284895e-206 1.000000000000000000e+00 7.762384895635597085e-206
1.174520197939300816e-208 1.000000000000000000e+00 7.860563110657630417e-210
2.483654427412657044e-211 1.000000000000000000e+00 8.986980552618435865e-210
1.000000000000000000e+00 1.099026310437170298e-200 4.494315057779455897e-205
1.594416488415696005e-208 1.000000000000000000e+00 2.775734630240622802e-209
1.371242377098221555e-209 5.900359804635220533e-210 1.000000000000000000e+00
1.000000000000000000e+00 3.124845826610880820e-202 1.750689961657993206e-200
1.000000000000000000e+00 6.691230318892118824e-192 5.251787782712117686e-199
1.060542001962299194e-212 8.161158322663400162e-211 1.000000000000000000e+00
5.460648142480290893e-210 6.150200591615784611e-208 1.000000000000000000e+00
4.619693662114081561e-204 2.240475646076079314e-201 1.000000000000000000e+00
1.869623424952957478e-211 6.715097913322772391e-209 1.000000000000000000e+00
7.474098428373029142e-210 8.694232061102800916e-209 1.000000000000000000e+00
5.874413024310948937e-209 1.000000000000000000e+00 2.298608973664368336e-210
3.641704034290501720e-204 1.234247400903125058e-208 1.000000000000000000e+00
1.200107402399794261e-205 1.000000000000000000e+00 1.255926576968507922e-206
1.000000000000000000e+00 1.250461979556362870e-199 7.045416083039457929e-202
2.106882307376418812e-203 1.000000000000000000e+00 1.583687708220377123e-207
2.703501032771400029e-202 9.339942312691872921e-198 1.000000000000000000e+00
2.622364187082911206e-206 3.610046981160757442e-197 1.000000000000000000e+00
1.650869078977764832e-201 1.000000000000000000e+00 2.301433346455136349e-200
3.170787906001923885e-205 1.000000000000000000e+00 2.943347366817130108e-206
4.144847038732101693e-207 2.480770253089449532e-204 1.000000000000000000e+00
3.058854484083940351e-197 1.815389686356184384e-203 1.000000000000000000e+00
1.000000000000000000e+00 2.565991157436273608e-204 7.357536375664784428e-206
1.600705152833213659e-207 8.220216578019063258e-201 1.000000000000000000e+00
1.000000000000000000e+00 9.140035915975280987e-201 1.667220079964376369e-202
1.451614262970044271e-201 8.371061629081751816e-208 1.000000000000000000e+00
6.478206744889336979e-202 1.000000000000000000e+00 9.252670494432524990e-205
1.000000000000000000e+00 5.861009199020823089e-203 2.691260142774345919e-207
1.724457896271800888e-205 1.000000000000000000e+00 7.509492747406565634e-201
2.117880959846763848e-204 7.265039315117701568e-203 1.000000000000000000e+00
3.968074085194866657e-211 8.784010900109604476e-209 1.000000000000000000e+00
5.777800665710467009e-196 1.000000000000000000e+00 4.288090669985431824e-201
2.436646431354587058e-209 1.000000000000000000e+00 1.392635001466636408e-211
1.616598798823928553e-212 7.762482186795986447e-212 1.000000000000000000e+00
3.984195016885517935e-202 2.504392854670353773e-198 1.000000000000000000e+00
1.000000000000000000e+00 3.879721436473745430e-204 1.197726235476652174e-203
9.816502668291248953e-206 1.000000000000000000e+00 5.863941872329215696e-211
8.611551438699333988e-210 1.000000000000000000e+00 1.169831702276703136e-209
2.916472633057723930e-209 1.502078361823409925e-211 1.000000000000000000e+00
1.888004822988822656e-195 1.000000000000000000e+00 4.545620623263210068e-203
3.818779827110276048e-210 1.000000000000000000e+00 5.118295931815750976e-210
1.976213485206778992e-211 1.541381436279165264e-206 1.000000000000000000e+00
3.761176326983609868e-206 1.000000000000000000e+00 7.929342024359107013e-207
5.718388429028720481e-202 1.020246154480603357e-206 1.000000000000000000e+00
1.000000000000000000e+00 2.132458933556997976e-203 8.612485052811005757e-205
1.000000000000000000e+00 5.374452970467913236e-203 3.286869724664241816e-203
9.590299625866042203e-212 3.268801060205967025e-209 1.000000000000000000e+00
4.614681584075378121e-209 2.942782219809423209e-209 1.000000000000000000e+00
1.000000000000000000e+00 1.177572876702280791e-202 2.948387718362810498e-209
1.000000000000000000e+00 4.014462451166599351e-205 1.826420618149905745e-205
6.053753987155880721e-207 1.000000000000000000e+00 3.998719396065406614e-203
5.229022886412702898e-207 1.000000000000000000e+00 2.929170947318534622e-202
1.440206336007685651e-202 1.000000000000000000e+00 1.373433938108477967e-206
1.000000000000000000e+00 3.220530562433983157e-200 1.280598400581128401e-195
1.391312497591954854e-205 5.690557593266891491e-209 1.000000000000000000e+00
1.453118517793539983e-209 1.669380614778528678e-205 1.000000000000000000e+00
4.257670271588119001e-208 3.391360875231994587e-209 1.000000000000000000e+00
1.000000000000000000e+00 9.067577137678809907e-198 2.137632280641528619e-199
4.089513925092548581e-187 1.000000000000000000e+00 1.220131184509955267e-200
1.000000000000000000e+00 1.415248946007457692e-202 3.942876963376528152e-207
1.000000000000000000e+00 6.988684803784934901e-206 5.304336412142950596e-207
9.292702252942981265e-204 3.254364784908686352e-200 1.000000000000000000e+00
8.233519927295482272e-205 1.887256987101622972e-206 1.000000000000000000e+00
2.007066067452265650e-204 1.000000000000000000e+00 2.046149242883431191e-207
1.000000000000000000e+00 3.760133917099440685e-204 1.458462474082599898e-204
1.274885883830179057e-208 1.000000000000000000e+00 1.297369774987379039e-211
1.000000000000000000e+00 2.372480901170398146e-200 1.769283596455850708e-198
1.119621728389266446e-204 4.832881115826899689e-203 1.000000000000000000e+00
2.329658709727163811e-208 1.000000000000000000e+00 4.630524712467562082e-210
6.548164385258351974e-203 1.000000000000000000e+00 4.130153606432475625e-203
1.234545438278389746e-211 8.407715315708100679e-209 1.000000000000000000e+00
1.000000000000000000e+00 3.709474673862423204e-200 2.191434357707294705e-202
1.239485614659181323e-211 4.935323058962886488e-209 1.000000000000000000e+00
1.000000000000000000e+00 4.209690971969387366e-201 1.367754566565259266e-202
1.591443419558513182e-210 5.420288794442967361e-209 1.000000000000000000e+00
1.155076344395206588e-205 1.623321184672373875e-207 1.000000000000000000e+00
1.206664224692721183e-203 9.366959971354785724e-203 1.000000000000000000e+00
1.000000000000000000e+00 5.147073478470294878e-199 1.444314699528450850e-199
9.370746668286360591e-205 1.000000000000000000e+00 3.087650162150803107e-209
3.872143099993864591e-207 1.174025834603604454e-209 1.000000000000000000e+00
2.349893820367293341e-204 1.000000000000000000e+00 1.332360654678373738e-197
6.815816125514815250e-207 1.000000000000000000e+00 1.273674276687278609e-202
1.000000000000000000e+00 9.331613774144308743e-197 2.721106039058154008e-205
6.134454913557920089e-209 1.698053680222296088e-207 1.000000000000000000e+00
1.000000000000000000e+00 2.129765143876358997e-198 1.845404353905141064e-201
1.826252402163463570e-208 2.026194148217337120e-208 1.000000000000000000e+00
2.112753745943863613e-207 1.000000000000000000e+00 1.140167552431867784e-208
1.893750757356381819e-214 8.133446258645653242e-211 1.000000000000000000e+00
1.000000000000000000e+00 1.500876381705407862e-202 5.678544642203543148e-203
1.673782443855184280e-206 2.606948913715455619e-208 1.000000000000000000e+00
2.035502547583819679e-210 1.000000000000000000e+00 1.728003148462667792e-210
7.095834565450163167e-207 1.000000000000000000e+00 8.676836744618229681e-203
1.000000000000000000e+00 6.714389132664148445e-203 1.785330861223594277e-206
2.390328280503236977e-203 1.000000000000000000e+00 4.448963599692982762e-208
8.667214932472369237e-211 1.000000000000000000e+00 3.421533241972440247e-209
1.000000000000000000e+00 5.318961480456133644e-195 7.454202822521950734e-205
4.255853505772747863e-208 9.585139982040151146e-205 1.000000000000000000e+00
5.166395230308496210e-202 1.000000000000000000e+00 1.159791166087350411e-208
1.919488841607233381e-209 2.662457371268155394e-212 1.000000000000000000e+00
3.015449402977369851e-209 1.000000000000000000e+00 9.114099968372795408e-213
2.552930029512247125e-209 1.000000000000000000e+00 5.194602639661394226e-211
8.030714816230176192e-210 2.162411091520774592e-210 1.000000000000000000e+00
8.726418825076440894e-203 4.090278778505073246e-207 1.000000000000000000e+00
1.398396499316956081e-196 1.000000000000000000e+00 1.038142162980435305e-205
1.000000000000000000e+00 2.371978534048986382e-205 1.418456384740342790e-205
1.053750358936007479e-207 1.068623639826982556e-211 1.000000000000000000e+00
1.000000000000000000e+00 1.034379194043840089e-202 7.326754728346928987e-208
2.642823496498587387e-206 1.000000000000000000e+00 1.328589860956643692e-211
1.163543215298151311e-210 1.313930990086114020e-206 1.000000000000000000e+00
4.031861881104573347e-207 1.000000000000000000e+00 5.416710492577178279e-204
3.115206935277463769e-208 8.645780072757707544e-209 1.000000000000000000e+00
1.373606960684333384e-198 1.000000000000000000e+00 8.463792340383187714e-205
9.037008125726867766e-208 3.973218745075968288e-205 1.000000000000000000e+00
1.000000000000000000e+00 1.444997164059983207e-202 4.460879154282916400e-206
1.564063986099972541e-202 6.307730632947414312e-193 1.000000000000000000e+00
2.660940768493347989e-185 8.932718003832724779e-199 1.000000000000000000e+00
1.881814773742924078e-208 1.000000000000000000e+00 1.320188110608796195e-207
1.000000000000000000e+00 1.785731537128936031e-196 2.240764477093440618e-197
2.085940377023299135e-202 1.171451705841540614e-201 1.000000000000000000e+00
1.000000000000000000e+00 3.941117567361451257e-202 1.210846395715438535e-206
1.000000000000000000e+00 3.122693076948908400e-206 1.441370360880611395e-207
1.000000000000000000e+00 1.458560154289189168e-201 4.961076048380390880e-204
5.843521106563687695e-209 2.073982956644347828e-206 1.000000000000000000e+00
3.277532088649789472e-199 1.000000000000000000e+00 1.969091040982672180e-204
3.131596893252489737e-206 1.303374174618018373e-203 1.000000000000000000e+00
1.000000000000000000e+00 5.414277438439874590e-202 1.045676911948956020e-206
1.099537573013299368e-206 8.749640127194208173e-210 1.000000000000000000e+00
1.000000000000000000e+00 3.330611591696306761e-193 5.416176748258183978e-202
1.204030746907848974e-206 4.325710041903998845e-208 1.000000000000000000e+00
3.798285795276324271e-208 1.000000000000000000e+00 3.685982669321062481e-206
5.318813736823340336e-202 1.000000000000000000e+00 8.289579295945344586e-208
1.000000000000000000e+00 4.917345348457749284e-198 1.874824856373453558e-205
3.255196408013923031e-206 3.708184630870132925e-209 1.000000000000000000e+00
6.971977346913079173e-209 1.000000000000000000e+00 1.165734579159030650e-210
1.276568609415134006e-205 2.626346646827808040e-207 1.000000000000000000e+00
2.416980297386401230e-209 6.062362318091159579e-212 1.000000000000000000e+00
3.361358328192469713e-210 3.741719899521321166e-212 1.000000000000000000e+00
1.461141228849727640e-209 1.988073627333898553e-209 1.000000000000000000e+00
1.231425582867744915e-206 1.000000000000000000e+00 9.692575980358400396e-210
7.704501428364231904e-208 9.804383640326808014e-208 1.000000000000000000e+00
8.520186106072561365e-212 7.621828074105204369e-205 1.000000000000000000e+00
7.224013112473109052e-208 1.000000000000000000e+00 6.332538257611838476e-209
1.000000000000000000e+00 3.147066872891276331e-203 1.087006892131763112e-201
4.199440790197573211e-208 1.000000000000000000e+00 4.230260749817047660e-211
4.562697099636427573e-210 1.000000000000000000e+00 9.078009825827577449e-210
1.000000000000000000e+00 3.243906400863312138e-202 3.369772998283339151e-203
1.000000000000000000e+00 3.005056822641268977e-202 1.303620086341494641e-201
4.450154956170461909e-210 3.361879043297662931e-208 1.000000000000000000e+00
2.338326367085375921e-201 8.402952224722072782e-204 1.000000000000000000e+00
1.638114707099386972e-203 1.417849333241420294e-205 1.000000000000000000e+00
1.013704784319205208e-204 1.000000000000000000e+00 4.737377981343051106e-208
1.000000000000000000e+00 3.927031816604954966e-207 9.926375125523145144e-208
1.000000000000000000e+00 1.375003323115864167e-199 4.003345242339809491e-201
1.055453936554426808e-209 7.242676640891813582e-210 1.000000000000000000e+00
1.282311594198566632e-204 1.000000000000000000e+00 1.061297984489213066e-205
1.000000000000000000e+00 1.559402114354528117e-201 1.647483456349135577e-203
1.000000000000000000e+00 1.974916540215752892e-198 3.715308946063635425e-203
1.000000000000000000e+00 6.856898211925213690e-202 5.474800893435296617e-204
5.910132385942089178e-201 1.000000000000000000e+00 8.003380181659675030e-200
1.106912939417445423e-205 1.000000000000000000e+00 4.574349549824367290e-206
2.599967664319150153e-209 3.249367242467052676e-196 1.000000000000000000e+00
1.000000000000000000e+00 6.572540015944736942e-202 6.035816095446474926e-203
1.000000000000000000e+00 2.176803795884419540e-194 3.658671831926493117e-204
1.000000000000000000e+00 1.100571455804555372e-197 1.754693517263205432e-184
3.531548587463246381e-207 1.000000000000000000e+00 2.934983907737307539e-209
7.939193350614338946e-195 2.045812832404716661e-205 1.000000000000000000e+00
1.000000000000000000e+00 7.712673601587343951e-199 1.513306960558219642e-201
4.216332215959338730e-209 6.856133995432138325e-201 1.000000000000000000e+00
1.292617893936022122e-202 1.000000000000000000e+00 4.900654802230062321e-205
4.569916847004604418e-206 3.705213655180372458e-207 1.000000000000000000e+00
1.000000000000000000e+00 3.052738538132984806e-201 2.671425690587310328e-204
1.000000000000000000e+00 8.658442158867298570e-201 5.487842096368858743e-203
1.996000681793031535e-201 1.000000000000000000e+00 4.946840834629750922e-203
1.000000000000000000e+00 3.877983434462875818e-193 1.024412229799151021e-192
4.281527400684808626e-206 1.000000000000000000e+00 9.409465170137895992e-207
1.000000000000000000e+00 3.529116800961334808e-200 1.178641078629290769e-205
4.977623346321166325e-203 1.832400751141645420e-205 1.000000000000000000e+00
1.000000000000000000e+00 1.394777251445360188e-204 6.394878695349344575e-206
1.000000000000000000e+00 1.682461940054559809e-192 5.877532785971349824e-201
1.033787717003762636e-206 1.000000000000000000e+00 3.371181769085345229e-208
1.000000000000000000e+00 9.580843758036329569e-202 1.909988062569865044e-202
9.212607486220647563e-203 1.000000000000000000e+00 9.967776148651229389e-210
1.000000000000000000e+00 4.869561581563643562e-203 2.099123743940696144e-204
2.618544523700794185e-211 1.456960452378250349e-210 1.000000000000000000e+00
2.351143656940014532e-200 1.000000000000000000e+00 4.771451015669485537e-209
1.866005678014182600e-199 4.838158800104667820e-205 1.000000000000000000e+00
1.000000000000000000e+00 5.833707415403586981e-205 4.162383459862720455e-206
1.579603952295157854e-201 5.153354171407390794e-199 1.000000000000000000e+00
1.048404216983255006e-204 1.000000000000000000e+00 2.446661402751356368e-203
6.887001380361202320e-201 1.000000000000000000e+00 8.562820797659321455e-207
1.453525958402284065e-189 1.000000000000000000e+00 3.431388834670915769e-202
8.534107872075478844e-199 1.000000000000000000e+00 7.524851558901725914e-191
1.331344804476684472e-202 1.000000000000000000e+00 5.326543136727873982e-211
8.495413977853767696e-202 1.339819600845380636e-202 1.000000000000000000e+00
1.000000000000000000e+00 6.417795050140103186e-204 4.954902273726073246e-204
7.245485796999477042e-205 5.383092847862738424e-202 1.000000000000000000e+00
1.631892095277342855e-201 1.189791350679927979e-209 1.000000000000000000e+00
1.000000000000000000e+00 7.759191829722676103e-204 1.025935627849797153e-205
1.000000000000000000e+00 3.290452988846551735e-203 2.640886049094244145e-207
1.000000000000000000e+00 2.901099495330818477e-197 2.059300735407485271e-199
6.641700705369443782e-207 1.983336649168815519e-209 1.000000000000000000e+00
3.625014692612798339e-201 1.000000000000000000e+00 3.196157435339591229e-202
9.716816006460611796e-205 2.843271418832695554e-208 1.000000000000000000e+00
1.299935885577207604e-204 1.000000000000000000e+00 7.123112035680441004e-204
9.621086700622749834e-209 1.000000000000000000e+00 2.249300668493090545e-209
4.913038874670465565e-205 1.000000000000000000e+00 8.358282716884455688e-203
1.000000000000000000e+00 6.136157602003596501e-197 1.373047222108887754e-202
2.418782274600685219e-199 1.000000000000000000e+00 5.633366185792840016e-205
1.697351124980350790e-209 1.000000000000000000e+00 9.308104114237155325e-209
2.783971058623772753e-207 4.142268224608162058e-208 1.000000000000000000e+00
5.087195336820160679e-208 1.900208205611289752e-208 1.000000000000000000e+00
1.150290963590440371e-208 1.000000000000000000e+00 2.504465688551088252e-210
4.191053197381492834e-198 1.000000000000000000e+00 3.244055132842641130e-206
1.000000000000000000e+00 1.032378354241944489e-202 5.348439462929553123e-205
1.000000000000000000e+00 4.030182148129945579e-198 3.957930615935202376e-197
3.057577431275746324e-203 1.000000000000000000e+00 3.010007466828258653e-200
4.132400339907423038e-206 1.000000000000000000e+00 1.818227974698040865e-199
1.000000000000000000e+00 6.425558877380030298e-192 1.538246230267370179e-201
5.949212704125906261e-205 3.044900153992965538e-201 1.000000000000000000e+00
3.679913776095029584e-209 5.025199223941129213e-209 1.000000000000000000e+00
8.267640821522462500e-203 1.000000000000000000e+00 2.606675055486199908e-209
1.000000000000000000e+00 2.189157440873755110e-205 1.417771034273946824e-202
1.051825168486624165e-209 1.734044824433221974e-207 1.000000000000000000e+00
1.000000000000000000e+00 3.047377291340005443e-197 5.537985885887756332e-200
9.308516396047756135e-212 1.000000000000000000e+00 1.394720402969812172e-211
4.231735566914517966e-191 1.000000000000000000e+00 8.578103901856173731e-205
8.129112698577152806e-201 1.000000000000000000e+00 5.648276754365403733e-204
3.397563773831341367e-210 1.000000000000000000e+00 4.861863044831740790e-210
3.115623651596232637e-212 1.554227410749636245e-209 1.000000000000000000e+00
1.000000000000000000e+00 7.167960844311630680e-195 7.400584701422647020e-201
7.315887409917375536e-209 3.132803488947407132e-208 1.000000000000000000e+00
2.440188089030350788e-207 1.000000000000000000e+00 1.381531805398518764e-207
7.799908502016192303e-208 2.005867818923722864e-209 1.000000000000000000e+00
1.000000000000000000e+00 1.320286244370208074e-200 5.548714535675572351e-204
1.000000000000000000e+00 4.443998351410929695e-202 5.603046885472133032e-201
1.041311262902358818e-205 2.839511242067157024e-209 1.000000000000000000e+00
1.000000000000000000e+00 6.648620050961322901e-198 9.930742740070054297e-206
1.000000000000000000e+00 9.325748888231507482e-203 2.840965349747877669e-206
1.557081599789166925e-206 1.698543031541089538e-204 1.000000000000000000e+00
3.841487185698341694e-202 1.000000000000000000e+00 3.236852554956581601e-207
1.895764733664740564e-202 1.000000000000000000e+00 2.834906992212668896e-205
3.236769084829592046e-212 1.334823691660311692e-206 1.000000000000000000e+00
1.000000000000000000e+00 1.061722845038790507e-190 6.890364610253858080e-202
4.468123013660285033e-205 1.371087418250056645e-203 1.000000000000000000e+00
